# Nota: C-Order, 1 refers to the Y axis, 2 to the X axis 
# Calibration done at Fri Feb 25 15:56:14 2022
poni_version: 2
Detector: Eiger4M
Detector_config: {}
Distance: 0.12919864315695237
Poni1: 0.09600560008831403
Poni2: 0.09529442432522933
Rot1: 0.006464872482650259
Rot2: 0.00020528245745984384
Rot3: 3.788911878754872e-08
Wavelength: 9.537246033323096e-11
